[0.0, -0.5, -3.0, -1.0, -4.0, 0.0, 0.0, 0.0]
[40.0, 1.0, 1.0, 1.0, 1.0, 1.0, 0.0, 0.0]
[10.0, -2.0, -1.0, 1.0, 1.0, 0.0, 1.0, 0.0]
[10.0, 0.0, 1.0, 0.0, -1.0, 0.0, 0.0, 1.0]

[40.0, -8.5, -7.0, 3.0, 0.0, 0.0, 4.0, 0.0]
[30.0, 3.0, 2.0, 0.0, 0.0, 1.0, -1.0, 0.0]
[10.0, -2.0, -1.0, 1.0, 1.0, 0.0, 1.0, 0.0]
[20.0, -2.0, 0.0, 1.0, 0.0, 0.0, 1.0, 1.0]

[125.0, 0.0, -1.333333333333334, 3.0, 0.0, 2.833333333333333, 1.166666666666667, 0.0]
[10.0, 1.0, 0.6666666666666666, 0.0, 0.0, 0.3333333333333333, -0.3333333333333333, 0.0]
[30.0, 0.0, 0.33333333333333326, 1.0, 1.0, 0.6666666666666666, 0.33333333333333337, 0.0]
[40.0, 0.0, 1.3333333333333333, 1.0, 0.0, 0.6666666666666666, 0.33333333333333337, 1.0]

[145.0, 2.000000000000001, 0.0, 3.0, 0.0, 3.5, 0.5, 0.0]
[15.0, 1.5, 1.0, 0.0, 0.0, 0.5, -0.5, 0.0]
[25.0, -0.4999999999999999, 0.0, 1.0, 1.0, 0.5, 0.5, 0.0]
[20.0, -2.0, 0.0, 1.0, 0.0, 0.0, 1.0, 1.0]

Tabela koncowa
Globalny koszt optymalizacji:  145.0